241210001
241210002
241210003
241210005
241210007
241210008
241210009
241227002
241227003
241227004
241293001
241293002
241293003
241293004
241293005
241293006
241293007
241294002
241295703
241295704
241295707
241295708
241298003
241299001
241299002
241299003
241299704
241299705
241299706
241299708
241304002
241304005
241304006
241304707
241306001
241306002
241306702
241306703
241306704
241308701
241309001
241309702
241309703
241310001
241310002
241310003
241310004
241312001
241312008
241312013
241312014
241312015
241312016
241312017
241313001
241313002
241313003
241313004
241313005
241314001
241314002
241325001
241325002
241325003
241325004
241325005
241326001
241326003
241327001
241327002
241327003
241327005
241327007
241328002
241328003
241328004
241328005
241328006
241331001
241331002
241331003
241333001
241334001
241352001
241352002
241352003
241352004
241352005
241352006
241352007
241352008
241352009
241352010
241352011
241486001
241329003
241329004
241329005
241329007
241274001
241274002
241274004
241274004
241274006
241274007
241229001
241229002
241229003
241229004
241229005
241229006
241338001
241338002
241338003
241339001
241339003
241339004
241339005
241340001
241340004
241340005
241381001
241381002
241381003
241382001
241382002
241382003
241382004
241382005
241382006
241382008
241383001
241383002
241384001
241384002
241336001
241336002
241336003
241336004
241336005
241351001
241351002
241351004
241351007
241351008
241351010
241351011
241351012
241351013
241351014
241460001
241460002
241460003
241460006
241460007
241460009
241460010
241460011
241460012
241461001
241461002
241461003
241461004
241461005
241461006
241461007
241461008
241461009
241461011
241461012
241461014
241461015
241461016
241461017
241462001
241462003
241462005
241463001
241464002
241464003
241466001
241466002
241466003
241466004
241467004
241467005
241467006
241467007
241467008
241467009
241467010
241467011
241467012
241468001
241468002
221000003
222000002
222000004
222000005
222000006
222000008
222000009
222000013
222000014
222000016
222000017
222000019
222000020
222000022
222000023
222000027
222000028
222000029
222000030
222000031
222000032
222000033
222000034
222000038
222000040
222000041
222000045
222000046
222000047
222000048
222000049
222000055
222000056
222000058
222000061
222000063
222000064
222000065
222000072
222000073
222000074
222000075
222000076
222000078
222000082
222000084
222000088
222000089
222000090
222000096
222000098
222000107
222000109
222000110
222000111
222000122
222000131
222000133
222000137
222000139
222000165
222000168
222000169
222000170
222000174
222000174
222000175
222000176
222000177
222000178
222000179
222000180
222000181
222000182
222000183
222000185
222000186
222000187
222000190
222000191
222000192
222000195
222000196
222000197
222000198
222000199
222000200
222000201
222000202
222000204
222000205
222000207
222000208
222000209
234000028
234000041
234000873
234001511
236000050
241344001
241344002
241344002
241344003
241344003
241344004
241344006
241344007
241346001
241346002
241346003
241346005
241347002
241347003
241347005
241347006
241347007
241348001
241348002
241348004
241348005
241349001
241349004
241349006
241349007
241350001
241350002
241350003
241261001
241262001
241262002
241262003
241262004
241262006
241263002
241263003
241281001
241281002
241281003
241341001
241341002
241213002
241213006
241215001
241215002
241215003
241215006
241215007
241215008
241216002
241216003
241216004
241217001
241217002
241218001
241218002
241218003
241219001
241219002
241219003
241219004
241219005
241219006
241219007
241219008
241220001
241221001
241221002
241221003
241221004
241221007
241222003
241222004
241222005
241223003
241223004
241223008
241224001
241224004
241225001
241225005
241225006
241225007
241343001
241343002
241343003
241201001
241201002
241201005
241201006
241202001
241202003
241202003
241203001
241204001
241204002
241204003
241204004
241204006
241204007
241204008
241204009
241204010
241230001
241230002
241374001
241374002
241374003
241374004
241374005
241374006
241374007
241374008
241374009
241374010
241245001
241245002
241245003
241245004
241245005
241245006
241245007
241247001
241247001
241247003
241247003
241248001
241249001
241249002
241250001
241251001
241251002
241252001
241252002
241252003
241252004
241253001
241253002
241206001
241206002
241206003
241446001
241446001
241446002
241446003
241446004
241446005
241446006
241446007
241446010
241446011
241446013
241446016
241446019
241446020
241446021
241446022
241446024
241447001
241447002
241447003
241447004
241447005
241447006
241447007
241447009
241447009
241449003
241449004
241449005
241449006
241449007
241449008
241449009
241449010
241449011
241451002
241451003
241451004
241451005
241451006
241451007
241451008
241451009
241451010
241451011
241451012
241451013
241455001
241358001
241358002
241358003
241359001
241359003
241363001
241363002
241363009
241363010
241367001
241367002
241489001
241489002
241489007
241489008
241489009
241489010
241489011
241489012
241489013
241489014
241489015
241489016
241489017
241489018
241489019
241489020
241332001
241332001
241332003
241332004
241419001
241419002
241419002
241419004
241419006
241419007
241419008
241419009
241419011
241419012
241419013
241419014
241419015
241419016
241420001
241420002
241420003
241420004
241420005
241420006
241420007
241420008
241420009
241420010
241420011
241421001
241421002
241421003
241421003
241421004
241422001
241422002
241422003
241422004
241422005
241422006
241422006
241422007
241422008
241423001
241423006
241423007
241423008
241423012
241423013
241423015
241423016
241423017
241423018
241423020
241332001
241332001
241332003
241332004
241419001
241419002
241419002
241419004
241419006
241419007
241419008
241419009
241419011
241419012
241419013
241419014
241419015
241419016
241420001
241420002
241420003
241420004
241420005
241420006
241420007
241420008
241420009
241420010
241420011
241421001
241421002
241421003
241421003
241421004
241422001
241422002
241422003
241422004
241422005
241422006
241422006
241422007
241422008
241423001
241423006
241423007
241423008
241423012
241423013
241423015
241423016
241423017
241423018
241423020
241424001
241424001
241424002
241424003
241424005
241424006
241424007
241424008
241424009
241424010
241424011
241424012
241424013
241424014
241424015
241424016
241425001
241425002
241425003
241425004
241425006
241425007
241425008
241425010
241425012
241425013
241425013
241425014
241425015
241425016
241425018
241425020
241425021
241425022
241425023
241425024
241425027
241425030
241425031
241425032
241425033
241426001
241426002
241426003
241427001
241427002
241427003
241427004
241427005
241427006
241427008
241428001
241428002
241428003
241428004
241428005
241392001
241394002
241394002
241394003
241394004
241394005
241394006
241395002
241397007
241401001
241401002
241401003
241453001
241453002
241453003
241453004
241453008
241453012
241453013
241453014
241453015
241453016
241453017
241233001
241233002
241233003
241233004
241235001
241235002
241235005
241235006
241235007
241235008
241236001
241236002
241236003
241236004
241236005
241237001
241237002
241239001
241239002
241239003
241240001
241240002
241209001
241436002
241436004
241436006
241436007
241436008
241436010
241436016
241436017
241436018
241436029
241436031
241436032
241436033
241436034
241437001
241437002
241437003
241438001
241438002
241438003
241438004
241438005
241438006
241438007
241438008
241439002
241439004
241439005
241439006
241439010
241439011
241439012
241440001
241440002
241440004
241441001
241441002
241441003
241441004
241441005
241442001
241442002
241442003
241442004
241442005
241442006
241442007
241442008
241442009
241442010
241442011
241442012
241442013
241442014
241442015
241442018
241442019
241442020
241442021
241443002
241443003
241443004
241444001
241454002
241454003
241454004
241454007
241454010
241454011
241454012
241454013
241454014
241208001
241208002
241282001
241282002
241282003
241282004
241282006
241282007
241282009
241282010
241282011
241283001
241283002
241283003
241283004
241283005
241283006
241283007
241283008
241283009
241283010
241283011
241283012
241283013
241284001
241284002
241284003
241284005
241284006
241284007
241285001
241285002
241285003
241285004
241285005
241285007
241285008
241285009
241285010
241285011
241285012
241285013
241408001
241408002
241408003
241408004
241409004
241409005
241409006
241409007
241410001
241410002
241410004
241411001
241412003
241412004
241412004
241205003
241205007
241205008
241205008
241205011
241205012
241205013
241205014
241205015
241205016
241205017
241205018
241205019
241205020
241205021
241205022
241205023
241205024
241205025
241205026
241205027
241211001
241211002
241211003
241211004
241211005
241211006
241211007
241211008
241211009
241211010
241211011
241211013
241211014
241211015
241211016
241211017
241231001
241231002
241231003
241231004
241231005
241231006
241231007
241231008
241231009
241231010
241231011
241231012
241231013
241231014
241231015
241231016
241231017
241231018
241231019
241231020
241231021
241231022
241231023
241231024
241231025
241231026
241231027
241231028
241231029
241231030
241231031
241231032
241231033
241231034
241231035
241231036
241231037
241231038
241317002
241317004
241317006
241317008
241317009
241317010
241317011
241317012
241317013
