241007233
228000397
228000396
228000399
228000398
228000391
228000390
228000393
234000070
228000395
234000072
228000394
234000075
215000164
215000163
215000165
234000079
234000078
241261001
241489020
234001390
234000061
239000082
234001397
234001396
234000065
239000084
234000068
215000170
234000069
215000178
241363010
234000095
215000142
215000141
215000144
215000143
215000140
215000149
215000146
215000148
241248001
215000147
228000385
228000388
228000389
234000082
234000083
215000153
215000152
215000151
215000150
215000157
215000158
234000031
234000035
234000034
234000039
234000038
215000129
215000130
215000133
234000021
234000024
234000026
234000028
215000139
234000027
215000138
234000029
215000134
215000136
241453012
241453013
234001380
234000051
234000050
234001388
234000057
234001387
234000059
241006590
234000058
241453016
215000106
241453017
241453014
241453015
215000102
241453001
241453002
234001371
234000040
234001370
234001373
234000042
234000041
234001375
234000044
234000046
234001379
241453003
241453004
215000118
241453008
241326001
241326003
200000266
200000269
200000262
239000010
200000265
239000011
239000012
239000013
239000014
239000016
241006580
239000002
234000901
239000005
234000900
239000006
239000007
234000929
241338001
241338002
241338003
239000031
239000032
239000033
239000036
239000038
241401001
241401003
241401002
200000234
200000236
241006560
239000024
200000237
239000027
239000028
241351004
241351007
241351001
241351002
241236004
241236005
241236002
241236003
241351008
241236001
210000103
210000105
241002170
239000058
210000107
210000106
210000108
200000293
200000290
200000299
241363001
239000040
200000295
241363002
239000041
200000296
200000297
239000044
239000045
239000046
239000047
241363009
239000048
241489009
241489008
241489007
200000282
200000283
200000288
200000289
239000072
200000284
200000285
200000286
241002150
239000078
239000079
241489002
241489001
241006510
241351012
241489019
241351011
241489018
241351014
241489017
241351013
200000272
200000277
200000279
200000274
239000065
241489016
241224004
241489015
241489014
241351010
239000068
241489013
241224001
241489012
241489011
241489010
241006520
229000127
229000121
216000009
216000019
234000873
216000016
241004790
234000875
234000879
216000011
234000878
216000010
229000118
229000117
229000116
229000112
229000111
216000004
241335001
216000003
216000002
216000001
234000860
216000007
234000862
216000006
234000861
229000108
241347002
241347003
241347006
229000143
241347005
229000140
216000037
216000035
241347007
241004770
241003440
216000031
229000139
216000030
229000138
229000137
229000136
229000135
229000134
229000133
241304707
229000132
229000131
229000130
241335028
241335029
216000026
216000023
241335026
234000882
241335027
234000884
234000886
216000021
229000129
216000020
229000128
234000829
241335033
241359001
241335034
241335031
241359003
241335032
241335035
241335036
241004750
241335030
241003420
200000211
233000282
233000281
234000824
241004760
241003400
234000849
214000247
214000248
214000245
214000246
214000244
200000202
234000850
200000208
200000205
214000258
214000259
214000256
214000257
214000254
214000255
214000250
214000251
241441005
233000254
241441004
233000253
241441003
233000252
241441002
233000258
241441001
234001315
216000084
234001314
216000083
234001317
216000082
216000081
216000088
234001318
216000087
216000086
216000085
241240002
241240001
233000276
233000275
233000274
233000273
233000277
234000011
234000013
233000272
234000012
233000271
234000015
233000270
234000016
241001660
233000265
241239003
233000268
241239002
233000267
210000093
241239001
233000266
234000002
210000099
210000098
234000003
234000009
215000081
215000080
215000089
215000088
215000083
215000084
216000051
216000055
216000054
241428001
241428002
241428005
241428003
241428004
216000047
216000046
215000094
216000049
216000040
216000044
216000043
216000041
229000102
229000101
215000065
215000064
216000079
215000067
216000078
215000066
215000063
215000062
234001304
216000073
234001303
216000070
216000077
215000069
216000076
215000068
216000075
216000074
241323004
241323003
241323002
215000070
241252001
216000069
241252002
216000068
241252003
216000067
241252004
215000074
241323008
241323007
216000061
241323006
216000060
241323005
216000066
216000064
228000276
228000278
228000277
228000270
207000068
228000271
228000274
228000273
210000026
210000027
210000024
241007146
210000029
228000287
228000286
207000052
207000053
228000281
210000037
210000036
210000039
215000055
210000038
210000033
215000052
210000034
241007158
241410004
228000255
228000258
207000085
228000259
207000088
228000250
228000251
215000021
210000004
210000003
215000023
210000006
215000022
210000005
210000002
210000001
215000028
241410001
215000025
215000024
210000007
241410002
210000009
241409005
241409004
228000267
207000070
228000266
228000269
228000268
200000193
241409007
228000263
241409006
228000262
215000032
241203001
210000014
210000017
210000016
200000196
215000030
210000013
210000012
200000199
210000019
210000062
207000021
210000061
210000064
210000063
207000025
207000026
234000150
210000060
207000027
210000069
207000019
241227002
234001485
241227003
234001484
241227004
234001487
234001486
234001489
234001488
215000009
215000008
215000004
210000073
210000072
210000075
234001470
207000016
234001472
234001471
207000009
234001476
234001475
234001478
215000018
234001479
234000148
215000019
215000013
215000015
241215002
241215001
241215003
241215006
210000040
210000042
210000041
210000049
210000043
210000046
241215008
241215007
207000033
207000034
210000052
207000035
234001490
234001493
234001495
234001497
210000057
234001499
239000129
241446019
241446016
200000145
200000146
200000148
241446013
241446010
241446011
200000144
239000135
200000149
239000137
239000138
239000139
239000119
241384001
241384002
241446024
241446021
241446022
239000120
239000121
241446020
207000002
207000003
207000004
200000120
239000153
241446007
241446005
200000112
241446006
206000003
241446003
241446004
200000115
241446001
241446002
239000140
206000007
239000141
200000110
239000142
239000143
239000144
239000145
239000146
239000147
239000148
239000149
200000119
200000182
200000183
200000185
200000186
200000175
200000150
241422001
241422002
241422003
241422004
241422005
241422006
200000157
241422007
241422008
200000152
229000247
229000246
229000244
229000243
229000242
241231030
229000240
241231031
241231032
241231033
241449009
241231038
241449008
241449007
241449006
241449005
241231034
241449004
241231035
241449003
241231036
241231037
234000996
234000995
234000998
234000997
229000238
229000237
229000236
229000235
241231020
241231021
241231022
241231027
241231028
241231029
241231023
241231024
241231025
241231026
241449011
241449010
229000268
229000267
229000266
241425021
229000264
241425020
229000263
241425023
229000262
241425022
229000261
241231010
241425024
241231011
241425027
241231016
241231017
241231018
241231019
241231012
241231013
241231014
241231015
241437001
241437002
241437003
241004890
241425030
229000255
229000254
241425032
229000253
241425031
229000252
229000251
241425033
241381003
229000250
241381002
241381001
241231005
241231006
241231007
241231008
241231001
241231002
241231003
241231004
241231009
229000249
241425001
241425003
241425002
241425004
241425007
241425006
200000101
241425008
200000103
200000104
200000109
234000956
200000106
200000107
200000108
241425010
241425012
241425014
241425013
241425016
241425015
241425018
241486001
241004880
241003550
239000110
239000111
239000112
241004850
234000960
239000101
241004860
239000104
233000139
241332004
233000133
241332003
233000131
233000130
233000136
233000135
233000134
234001441
234001443
234001442
241332001
234001446
233000128
228000201
228000200
228000203
228000204
233000126
233000125
234001431
234001434
241004840
241004810
234000130
234001463
234000132
234001462
241206001
241206002
234001464
241206003
234000136
234001469
234001468
241000460
241344001
241344002
241344003
233000144
233000142
233000140
234001456
241344004
241344006
241344007
228000232
228000234
228000233
228000238
241007060
241007061
234001400
234001403
234001402
234001405
234001406
234001409
234001408
207000093
228000246
228000249
207000096
207000097
207000098
207000099
241007070
241007076
241007077
241001770
233000117
228000214
241462001
241462003
241462005
228000207
228000206
228000209
234001426
228000208
241007048
241218003
228000223
241218002
241218001
234001410
234001412
234001411
234001414
228000218
234001413
234001415
234001418
234001417
223000130
223000132
223000136
234001161
234001163
234001166
234001168
200000093
223000140
200000095
223000145
200000090
223000147
234001150
223000146
234001153
200000097
234001159
200000099
234001158
234001180
200000085
234001182
234001186
234001185
234001188
234001187
223000127
200000074
200000070
234001174
234001179
234001178
200000076
200000078
212000003
212000001
212000002
212000005
212000006
234001122
234001128
223000105
223000107
223000100
234001110
231000056
234001116
234001118
238000015
238000012
238000013
238000010
238000011
234001146
234001145
234001148
234001149
238000009
238000001
241007218
238000005
238000006
234001133
241007212
234001138
241007210
241007215
241007213
241007214
238000036
214000108
238000034
214000106
238000035
214000107
241423020
207000100
207000101
238000032
207000102
238000033
238000030
200000024
200000025
200000020
200000022
200000023
200000028
200000029
238000025
238000026
238000023
238000024
238000029
214000115
238000027
214000113
238000028
238000022
200000013
200000014
200000015
200000016
200000010
200000018
238000050
241423001
241423006
241423007
241423008
200000006
200000008
238000048
238000045
238000046
238000049
241423012
241423013
238000043
238000044
241423015
241423016
241423017
241423018
241006777
241397007
200000060
200000069
241006771
200000051
234001194
234001197
234001196
200000053
241001090
200000054
200000055
200000056
241006781
200000040
200000049
241202003
200000043
241202001
200000045
200000037
200000031
200000032
241001070
200000039
241411001
214000069
214000067
214000061
214000062
214000060
214000078
214000079
214000072
214000070
241438001
241438003
241438002
241438005
241438004
241438007
241438006
241438008
214000049
214000047
214000048
214000046
214000043
214000042
214000058
214000059
241426003
214000056
241426001
214000054
241426002
214000055
214000052
214000053
214000050
214000051
214000027
214000028
214000026
214000024
214000021
214000022
214000020
214000039
214000034
214000035
214000030
241394005
241394006
241394003
241394004
241394002
214000007
214000005
241382008
214000006
230000087
214000003
241382006
230000088
241382005
214000001
241382004
214000002
241382003
241382002
241382001
214000018
214000019
214000016
230000097
214000017
214000014
214000015
214000012
214000013
214000010
214000011
241217001
241217002
241000590
241205019
241205014
241205013
241205012
241205011
241205018
241205017
241205016
241205015
241205008
241205003
241205007
234001100
234001102
234001104
234001103
234001106
234001105
234001108
234001107
241004940
241205025
241205024
241205023
241205022
241333001
241463001
241205027
241205026
241205021
241205020
241451010
241451011
241451012
241451013
241004920
241451009
241451003
241451004
241451002
241451007
241451008
241451005
241451006
214000085
214000083
214000084
241229003
214000081
241230002
241229002
241230001
241229005
241229004
214000080
241229006
241007165
241229001
241004900
214000091
223000019
223000010
234001282
241317009
241317008
234001284
234001287
241317006
234001286
241317004
234001288
241317002
241329007
241329005
241329003
241329004
223000022
223000023
234001271
234001274
241444001
241420011
241420010
234001279
233000311
241006030
223000008
234001290
234001292
234001291
234001294
234001293
234001296
234001297
234001299
241006040
241000740
241294002
234001241
234001243
234001245
234001244
234001247
234001246
234001249
234001248
241006010
234001232
241006020
234001236
241282011
241282010
234001237
234001239
241420009
241420008
241420007
241420006
241420005
241420004
241420003
241420002
241419013
241420001
241419012
241419015
241419014
241419011
241419016
241299708
241299704
241299705
241299706
234001250
241419002
234001252
241419001
234001251
241419004
234001254
234001253
234001257
241419009
241419006
241419008
241419007
229000088
229000087
229000085
229000084
229000083
214000238
229000076
229000072
229000071
241004280
234000805
241282007
241282006
241282009
241004250
241282004
234000813
241282003
241282002
241282001
241245004
241245005
241245006
241245007
229000097
241004260
241245001
241245002
241245003
241468002
241468001
241004230
241006878
241006889
241317017
241317016
241317015
241317014
241317013
241317012
241317011
241004220
241006856
229000003
229000002
229000001
214000189
214000187
214000184
214000182
214000183
214000180
234000751
234000754
234000753
241208002
234000756
241208001
234000755
234000757
234000759
241006868
214000193
214000194
214000192
229000028
229000027
227000040
229000025
227000043
229000023
227000044
229000022
214000168
214000169
229000020
227000047
214000166
227000045
227000046
214000162
214000163
214000160
214000161
234000770
234000771
234000777
229000018
229000017
229000015
229000013
241460012
241460011
214000179
241460010
229000010
227000036
214000177
214000178
227000035
214000173
227000038
214000171
227000039
214000172
214000170
234000763
234000762
234000765
234000764
234000766
234000769
234000768
241460006
241460003
241460002
214000148
241460001
214000149
229000043
214000147
229000042
218000116
229000041
241006818
218000112
241460009
218000111
241460007
218000107
241001120
229000039
229000038
229000036
229000035
228000401
214000159
229000034
228000400
229000033
228000403
229000032
228000402
218000105
214000155
214000156
241233002
214000153
241233001
214000154
241233004
241233003
241221007
241221004
229000067
241221002
241221003
229000064
229000063
229000062
229000061
229000060
241447009
241447006
241447007
241447004
241447005
241447002
241447003
241447001
241221001
241006807
241003770
223000099
234001201
234001200
234001203
234001202
234001204
234001206
234001209
233000364
233000363
233000362
233000368
233000367
233000366
233000365
241314001
241314002
221000003
228000410
223000077
234001220
234001223
234001224
228000405
228000404
228000407
228000406
228000409
228000408
241002400
223000085
223000082
234001211
234001213
218000117
234001218
234001219
233000339
233000338
233000337
241285010
233000336
233000331
233000330
233000335
233000334
223000056
233000333
233000332
223000058
234000798
241285011
225000005
221000033
241285012
225000006
221000032
241285013
221000035
225000004
221000034
233000328
233000327
233000326
233000325
233000329
233000320
233000324
233000323
227000019
233000322
227000016
233000321
227000017
241285008
241285009
241285004
241285005
241285007
241285001
241285002
241285003
233000353
227000003
233000352
227000004
227000001
227000002
223000032
233000356
233000355
227000005
233000354
227000006
233000349
233000348
233000347
233000342
233000341
233000340
233000346
233000345
233000344
233000343
231000118
236000137
231000119
231000111
231000109
231000108
231000105
231000106
231000103
231000101
231000100
236000117
240000193
240000192
240000195
240000194
240000197
240000196
240000199
240000191
241421004
240000190
241421003
241421002
241421001
240000182
240000181
240000184
240000183
240000186
240000185
240000188
240000187
241204009
241204008
241204007
240000180
241204002
241204001
241204006
241204004
241204003
236000176
241000830
241216002
240000171
241216003
240000170
240000173
240000172
240000175
240000174
241216004
240000177
240000176
241331002
241331003
241006140
241331001
240000179
240000178
241000840
241408003
240000160
241408004
241408001
240000162
241408002
240000161
240000164
240000163
240000166
240000165
241343002
241343001
241343003
240000168
236000154
241000810
240000167
236000153
240000169
213000026
213000027
240000151
213000028
240000150
240000153
240000152
240000155
240000154
213000024
241003090
241204010
236000146
236000149
240000157
240000156
241000820
240000159
236000145
240000158
236000141
236000140
213000015
213000016
213000017
213000019
204000065
204000067
213000010
213000011
204000060
213000014
241004390
213000004
213000005
213000006
213000007
213000008
213000009
204000057
204000059
204000056
213000002
213000003
204000051
241281002
241281003
241281001
236000190
204000046
204000048
204000044
204000041
204000040
236000198
236000197
236000194
241395002
236000196
241293006
241293005
204000039
241293007
204000032
241293002
241293001
241293004
241293003
236000188
204000029
204000025
204000024
204000026
204000021
204000020
204000022
204000018
204000017
204000019
204000013
204000012
241445014
241445013
241318007
241445010
241318006
241318005
241445012
241318004
241445011
241318003
241318002
241318001
204000007
204000005
204000004
241306001
241306002
234001719
234001718
222000165
222000169
222000168
241461011
241461012
241461014
241461015
241461016
241461017
234001720
234001722
234001721
234001724
234001723
241006973
234001726
234001725
234001728
234001727
241461008
234001708
241461009
234001707
234001709
241461001
241461002
241461003
241461004
241461005
241461006
241461007
234001711
234001710
234001713
234001712
234001715
241004320
234001714
234001717
234001716
241219006
241219005
241485006
241219004
241006953
241219003
241219008
241219007
241219002
241219001
241436031
241436032
241436033
241436034
241485019
222000133
234001729
241485017
222000131
241485018
222000137
241220001
222000139
234001730
241392001
222000122
241006932
241485024
241485025
241436010
241485022
241485023
241485020
241002570
241436016
241436017
241436018
222000111
222000110
241485039
241485038
241485035
241485033
241485034
241485031
241436029
241485048
241485049
231000094
241485046
241485047
241424011
241424010
231000090
222000107
241424013
241424012
222000105
241424015
241424014
241424016
222000109
234001700
241485045
241485042
234001702
241485040
234001704
241485041
234001703
241001220
234001706
231000099
234001705
241436008
231000086
231000085
241006926
231000082
241485057
231000081
241485055
241485056
241436002
241436004
241002560
241436006
231000088
241485050
241436007
232000047
231000075
240000140
231000073
231000074
240000142
231000071
240000141
231000072
240000144
240000143
231000070
234000470
234000473
234000472
234000477
234000476
240000146
240000145
234000478
240000148
240000147
240000149
231000078
231000064
218000020
241006901
231000065
231000062
240000131
240000130
231000061
240000133
232000056
240000132
241367002
241367001
234000460
234000462
234000461
234000463
234000466
218000019
218000018
240000135
234000468
240000134
240000137
240000136
234000469
240000139
231000068
240000138
231000069
231000067
232000025
231000053
231000054
231000051
232000028
240000120
231000050
240000122
240000121
232000024
218000015
232000029
218000012
218000011
218000010
234000495
218000007
240000124
240000126
231000059
240000125
232000020
240000128
240000127
231000058
241003320
232000036
231000042
232000037
232000038
231000040
232000039
231000041
232000032
240000111
240000110
232000035
218000006
218000005
218000002
218000001
234000480
240000113
240000112
240000115
240000114
232000031
231000049
240000117
231000046
240000116
231000047
240000118
231000045
232000003
231000031
232000004
231000032
232000005
232000006
231000030
240000100
232000007
232000009
236000217
236000216
236000219
236000218
236000213
236000215
236000214
240000102
234000435
240000104
236000211
231000037
236000210
234000436
231000035
234000438
231000033
231000034
232000014
231000020
222000199
232000015
231000021
222000198
232000016
222000197
232000017
222000196
236000208
236000207
236000202
236000204
231000028
222000191
231000029
222000190
231000026
231000027
231000024
222000195
231000025
231000023
222000192
222000187
222000186
222000185
234000451
234000453
234000452
234000455
231000019
234000454
234000457
222000180
234000456
231000018
234000459
231000015
234000458
231000016
231000013
231000014
222000183
231000011
222000182
231000012
222000181
222000177
222000176
222000175
222000174
222000179
222000178
234000441
234000446
231000006
231000007
234000448
231000005
234000449
222000170
241352012
234001040
236000019
234001043
234001042
241284007
234001044
236000015
234001047
234001046
241284002
241284001
241352011
236000013
241352010
236000012
241284006
241284005
241284003
241352006
240000094
241352005
240000093
241352008
240000096
241352007
240000095
241352002
240000098
241352001
241352004
241352003
240000099
241352009
240000092
234001030
240000091
234001034
236000009
240000083
240000085
240000087
240000086
240000089
240000081
234001063
240000080
234001062
241491010
241491011
241491014
241466003
241466004
241491012
241466001
241466002
241454010
240000072
240000071
240000073
241454014
241454013
240000075
241454012
240000078
241454011
240000077
240000070
234001051
234001056
241491003
241491004
234001057
241491002
234001059
241491008
241491005
241491009
240000060
240000063
240000062
241454003
232000087
241454002
240000064
232000088
240000067
232000089
241442014
241442015
241442012
234001001
241442013
234001003
236000058
241454007
240000069
234001007
232000083
240000068
236000057
234001009
241454004
236000056
234001008
236000050
232000081
236000052
232000082
240000051
240000053
232000099
240000056
236000048
236000049
240000058
236000044
232000094
240000057
232000095
236000046
232000096
240000059
232000097
232000090
232000092
236000041
240000041
240000043
232000065
240000042
240000045
232000067
240000044
234001021
234001023
234001022
234001025
236000039
234001027
240000047
234001029
232000061
240000046
234001028
240000049
240000048
232000076
240000033
241442003
241442004
241442005
241442006
234001010
241442001
234001012
241442002
234001011
234001014
236000025
234001013
234001016
234001015
240000036
234001018
232000072
234001017
232000073
240000038
240000037
236000023
234001019
232000075
241308701
240000039
232000070
232000071
237000062
241223008
237000061
237000060
222000202
241223004
222000201
241223005
222000200
222000207
222000205
222000204
222000209
222000208
241223003
237000071
237000077
204000170
237000070
236000070
241211002
241211001
204000163
237000047
204000162
241211009
241211008
241211007
241211006
241211005
241211004
241003160
241211003
237000052
241327005
241327007
241327002
241327001
204000156
237000054
204000159
241327003
237000053
241211013
204000153
237000059
204000152
241211011
204000155
241211010
204000151
204000150
241211018
241211017
241211016
241211015
241211014
236000066
241006200
236000068
236000061
236000063
204000149
204000146
204000145
204000147
204000141
234001081
234001083
234001082
234001084
234001089
234001088
204000139
204000131
204000133
234001074
234001075
234001078
234001077
241339003
234001079
241339004
241339005
241247003
241339001
241247001
237000085
237000084
237000083
237000087
237000094
237000099
237000097
241235002
241235001
234001092
234001091
234001093
241340004
241340005
234001099
241235006
241235005
241235008
241340001
241235007
208000030
237000100
230000140
230000142
230000143
208000038
208000035
237000101
208000036
208000033
208000032
208000028
208000029
234000512
230000144
234000514
234000517
208000041
241000080
208000039
234000505
241324002
241324003
241324004
241324005
241324001
234000530
234000531
234000533
234000535
234000538
234000519
208000063
230000176
208000066
208000067
208000064
208000065
234000521
234000523
230000178
234000525
230000179
234000527
234000528
230000180
230000181
230000182
230000183
241336002
241336001
241336005
241336004
241336003
208000004
208000005
208000002
241299003
208000001
241299001
241299002
241000010
208000015
208000016
208000013
208000014
208000011
204000083
208000012
204000082
208000010
204000084
204000081
208000008
208000009
208000006
208000007
241001340
241348002
241000020
241348001
204000079
241348004
241348005
208000026
204000076
208000027
208000024
208000025
208000020
208000021
204000073
204000070
208000019
208000017
208000018
240000021
240000020
240000023
240000026
240000029
240000028
241001320
240000012
240000011
234000586
240000014
240000016
240000015
240000018
240000017
240000019
240000003
240000002
240000004
240000007
235000105
240000009
235000104
240000008
235000103
235000113
241002610
232000120
241251001
241251002
234000553
234000556
230000100
230000101
230000106
230000110
234000540
234000542
234000545
234000544
230000112
234000547
230000116
230000117
232000102
232000103
232000105
232000100
230000120
241312017
232000106
241312016
232000108
232000109
241312013
241312015
241312014
241006190
230000122
230000123
241263003
241263002
230000127
231000132
230000128
232000113
232000114
232000115
241002600
232000116
230000130
232000111
230000131
232000112
230000132
232000117
232000118
241312008
232000119
241312001
231000128
231000125
231000126
231000121
231000122
228000156
228000159
241341002
241341001
228000165
228000168
241455001
228000160
228000162
228000132
228000133
228000136
228000139
217000003
217000002
241443004
217000005
217000004
228000130
217000007
217000006
241443002
241443003
228000148
228000149
217000012
217000014
217000013
228000140
217000009
228000199
228000190
228000191
228000197
241006370
241309702
241309703
234001590
234001593
234001592
234001595
234001594
234001597
234001596
241304002
241304005
241304006
228000176
228000177
228000179
228000174
228000175
241283012
241283011
241283010
241283013
228000181
228000182
228000183
228000184
241283009
241283008
241283007
241283006
241006360
241283001
241283005
241283004
241283003
241283002
241006340
241234001
241234003
241234002
241234005
241234004
241234006
241003280
241006320
235000081
235000080
235000089
235000088
235000085
235000084
205000003
205000002
205000001
235000094
235000092
235000091
235000090
235000099
235000097
241328006
241328004
241328005
241328002
241328003
241467011
241467012
241467010
241467008
241467009
241467006
241467007
241467004
241467005
233000095
233000096
233000094
233000086
233000087
233000080
233000081
233000084
233000085
233000083
234001500
234001502
234001504
234001507
241005870
233000056
233000059
233000057
233000058
235000002
233000051
233000052
235000004
241325004
241325005
241222005
241325001
241222003
241325002
241222004
233000044
233000045
233000043
233000048
233000049
233000046
233000047
233000040
233000041
241209001
235000019
233000077
233000075
233000079
235000025
235000024
235000023
235000022
235000021
235000020
241210001
233000067
233000064
241210009
241210008
241210007
241210005
233000062
241210003
233000060
241210002
233000019
219000004
219000005
219000001
233000011
233000012
241298003
233000010
233000015
233000013
234001560
234001561
234001564
234001566
234001565
234001568
234001567
219000015
219000016
219000013
233000007
233000004
233000005
234001551
234001550
234001553
234001557
234001559
219000008
219000006
233000034
233000031
233000032
233000038
234001580
233000035
233000036
234001582
234001581
234001584
234001583
234001586
234001585
233000030
234001588
234001587
233000028
233000029
233000022
233000021
233000026
233000027
233000024
233000025
234001570
234001573
234001572
234001575
234001574
234001577
234001578
228000113
241313003
241313002
241313005
241313004
241313001
234001522
234001524
228000108
234001526
234001528
234001529
241306704
241306703
234001509
228000128
241274004
241274007
241274006
241274001
241274002
234001511
234001510
228000119
234001515
234001517
234001516
241306702
219000026
219000027
219000025
219000023
219000021
234001540
234001542
234001544
234000213
234001543
234001545
234001548
234001533
234001532
234001537
234001538
228000038
241237001
241237002
228000012
228000013
241225007
228000017
241225006
228000018
228000010
241225005
236000231
228000008
236000230
241225001
228000029
228000020
228000021
236000228
236000227
236000229
236000224
236000223
236000226
236000225
228000019
241262006
241262003
236000222
241262004
241262001
241262002
228000079
228000071
228000089
228000081
228000082
228000055
228000056
215000219
241250001
215000221
215000220
215000223
215000222
228000066
228000061
241249001
241249002
241349004
241349001
241349007
241349006
215000205
215000207
215000206
241412004
215000201
215000200
241412003
215000209
215000208
241424002
241424001
241424003
241424006
241424005
241424008
241424007
215000210
241424009
215000216
215000215
215000212
215000211
215000214
228000092
241350003
241488006
241350001
241350002
241488003
241488002
241488001
241374003
241374004
241374001
241374002
241374007
241374008
241213002
241374005
241374006
241374009
241213006
241201005
241201006
241201001
241201002
241374010
241003360
222000045
222000049
222000048
222000047
222000046
200000307
200000308
241003340
234001603
241004670
222000041
234001604
222000040
234001607
234001606
222000034
222000033
241346001
222000032
222000031
241346003
222000038
241346002
241346005
224000002
224000003
224000004
224000005
241002020
224000007
222000030
222000023
234001619
222000022
222000020
222000027
222000026
222000029
222000028
234001621
234001620
241005980
234001622
241295708
234001624
234001609
241295703
222000016
241295707
241295704
222000014
222000013
222000019
222000017
241358001
241358002
241358003
234001610
241005990
234001612
234001611
234001614
234001613
234001615
234001618
222000005
222000004
222000002
222000009
222000008
222000006
241383001
241383002
241005960
241310003
241310004
241310001
241310002
241005970
241309001
241005940
200000310
200000311
241001590
241005950
200000314
200000315
241005920
241464003
234001681
234001680
234001683
234001682
234001685
234001684
241464002
220000023
234001686
220000022
234001689
234001688
234001672
234001671
234001673
234001676
220000012
234001675
234001678
234001677
226000022
224000050
241253002
224000051
241253001
224000052
224000053
224000054
224000055
224000056
224000057
224000058
224000059
241005910
222000098
224000060
234001692
234001691
234000360
234001694
234001693
234001696
234001695
234001698
234001697
234001699
222000090
222000096
222000089
222000088
224000030
234001641
234000310
224000033
234001640
224000034
241439002
234001643
224000035
234001642
224000036
241439004
234000314
224000037
234001644
234000313
224000038
241439006
234000316
241439005
234000317
222000084
222000082
222000078
228000001
228000002
222000076
222000075
228000005
241440004
241440002
241440001
224000040
241439011
241439010
224000045
224000046
241439012
224000047
222000074
222000073
234000309
222000072
234001639
222000065
222000064
241427001
241427004
241427005
241427002
241427003
241427008
241427006
234001661
234001660
224000010
234001663
224000011
234001662
224000012
241334001
234001665
234001664
224000014
234001667
224000015
234001666
224000016
234001669
224000019
222000063
222000061
222000056
222000055
222000058
234001650
224000020
215000199
224000021
215000198
234001652
224000022
234001651
234001653
234001656
234000324
224000027
224000028
234001657
224000029
222000052
234001659
222000050